3,2
3,1
3,3
10,114
10,26
10,236
10,312
10,22
10,240
10,2
10,3
9,7
9,4
9,1
9,6
8,10
8,6
8,18
8,15
8,2
8,3
49,4
49,3
49,2
49,1
49,0
48,3
48,2
48,1
48,0
47,3
47,2
47,1
47,0
46,3
46,2
46,1
46,0
45,4
45,3
45,2
45,1
45,0
44,3
44,2
44,1
44,0
43,3
43,2
43,1
43,0
42,3
42,2
42,1
42,0
20,3
20,2
20,1
19,3
19,2
19,1
12,3
12,2
12,1
11,30
11,29
11,28
11,27
11,26
11,25
11,24
11,23
11,22
11,21
11,20
11,19
11,18
11,17
11,16
11,15
11,14
11,13
11,12
11,11
11,10
11,9
11,8
11,7
11,6
11,5
11,4
11,3
11,2
11,1
10,310
10,309
10,307
10,305
10,303
10,294
10,293
10,288
10,286
10,282
10,280
